60003
60007
60009
60012
60016
60017
60020
60024
60027
60049
60057
60063
60065
60070
60071
60075
60077
60078
60085
60086
60090
60098
60100
60102
60105
60106
60107
60108
60109
60111
60116
60117
60121
60124
60125
60126
60130
60134
60138
60140
60152
60169
60170
60177
60178
60181
60182
60183
60187
60188
60190
60195
60196
60197
60198
60199
60201
60209
60213
60214
60215
60216
60218
60221
60222
60228
60235
60242
60249
60250
60252
60260
60264
60265
60273
60276
60278
60280
60286
60288
60289
60290
60291
60292
60294
60298
60304
60312
60323
60328
60330
60332
60335
60339
60340
60341
60343
60346
60347
60350
60351
60352
60353
60355
60358
60359
60360
60364
60365
60367
60378
60387
60397
60398
60399
60400
60410
60411
60414
60415
60421
60426
60446
60448
60452
60453
60454
60455
60457
60458
60459
60460
60466
60468
60470
60473
60475
60476
60485
60486
60487
60488
60508
60509
60513
60514
60516
60524
60526
60534
60535
60536
60537
60538
60540
60545
60554
60564
60571
60572
60573
60594
60595
60598
60604
60614
60616
60618
60620
60628
60629
60630
60637
60639
60640
60641
60644
60646
60659
60661
60662
60666
60667
60671
60672
60676
60677
60678
60679
60684
60685
60695
60702
60703
60711
60718
60719
60721
60730
60731
60737
60739
60741
60742
60746
60748
60752
60754
60762
60767
60778
60782
60783
60787
60788
60789
60790
60792
60793
60794
60796
60797
60798
60800
60828
60831
60842
60844
60847
60848
60849
60850
60851
60852
60853
60856
60862
60863
60864
60865
60877
60892
60894
60897
60898
60899
60900
60901
60902
60903
60911
60912
60915
60924
60926
60928
60930
60934
60936
60939
60940
60949
60953
60954
60957
60965
60966
60971
60974
60975
60977
60979
60982
60985
60992
60993
60994
61000
61005
61015
61016
61020
61021
61022
61023
61024
61027
61028
61029
61034
61039
61046
61047
61048
61051
61056
61065
61066
61068
61072
61089
61097
61098
61109
61110
61114
61116
61119
61122
61127
61146
61147
61148
61156
61157
61159
61164
61167
61171
61176
61178
61182
61186
61190
61194
61199
61200
61201
61202
61204
61206
61207
61210
61221
61222
61227
61229
61230
61233
61234
61235
61237
61240
61242
61243
61250
61252
61253
61257
61261
61263
61276
61278
61280
61289
61292
61293
61295
61300
61304
61305
61314
61315
61316
61318
61322
61325
61327
61330
61338
61339
61340
61341
61348
61358
61360
61361
61367
61369
61370
61373
61376
61377
61384
61393
61395
61402
61404
61412
61414
61418
61419
61421
61423
61436
61437
61438
61440
61441
61464
61466
61471
61479
61486
61505
61510
61512
61513
61520
61523
61524
61529
61537
61555
61557
61564
61566
61567
61569
61571
61572
61575
61576
61577
61578
61582
61583
61584
61585
61587
61590
61596
61597
61604
61611
61616
61620
61624
61633
61636
61638
61644
61645
61646
61648
61649
61650
61652
61654
61658
61659
61661
61667
61670
61678
61680
61685
61686
61687
61689
61690
61694
61696
61702
61704
61706
61711
61712
61714
61717
61719
61722
61723
61727
61728
61737
61745
61747
61751
61763
61764
61765
61769
61770
61775
61784
61788
61789
61796
61801
61803
61806
61808
61809
61810
61811
61813
61815
61817
61828
61831
61832
61838
61841
61843
61844
61845
61847
61848
61849
61850
61851
61852
61856
61860
61862
61864
61867
61874
61881
61885
61887
61889
61891
61896
61897
61905
61906
61908
61909
61910
61913
61916
61922
61930
61934
61938
61943
61944
61946
61952
61954
61963
61973
61989
61990
61992
61998
62002
62003
62005
62008
62010
62015
62017
62019
62023
62024
62028
62032
62036
62037
62041
62046
62052
62054
62055
62056
62057
62058
62062
62067
62075
62077
62081
62084
62092
62093
62096
62097
62099
62104
62105
62106
62109
62110
62149
62152
62157
62158
62159
62163
62166
62167
62168
62170
62171
62172
62173
62177
62178
62182
62194
62196
62197
62199
62203
62206
62207
62212
62213
62214
62216
62218
62221
62224
62225
62227
62230
62235
62236
62242
62247
62248
62251
62255
62258
62261
62264
62268
62272
62275
62277
62282
62283
62287
62288
62292
62296
62298
62302
62304
62306
62307
62308
62309
62310
62314
62315
62316
62319
62321
62322
62326
62335
62337
62338
62339
62343
62345
62346
62347
62348
62349
62353
62354
62355
62359
62361
62365
62368
62371
62376
62377
62381
62387
62392
62399
62401
62403
62404
62405
62406
62408
62409
62413
62414
62415
62416
62417
62418
62422
62424
62426
62428
62429
62430
62431
62441
62442
62443
62445
62449
62455
62464
62471
62475
62476
62477
62480
62481
62491
62492
62500
62504
62515
62517
62520
62521
62524
62526
62527
62534
62535
62537
62541
62542
62548
62550
62557
62561
62563
62567
62568
62570
62571
62577
62579
62580
62582
62589
62601
62605
62607
62608
62612
62621
62628
62629
62630
62631
62632
62633
62634
62639
62640
62646
62647
62649
62653
62654
62658
62662
62665
62666
62668
62675
62679
62689
62693
62694
62695
62696
62697
62701
62702
62704
62708
62711
62712
62714
62716
62717
62720
62723
62730
62732
62738
62740
62741
62742
62748
62750
62752
62754
62755
62756
62759
62762
62768
62770
62779
62780
62781
62783
62784
62785
62786
62787
62788
62789
62790
62791
62792
62793
62797
62798
62800
62801
62803
62804
62805
62807
62808
62810
62812
62813
62825
62828
62837
62840
62847
62849
62850
62852
62853
62855
62859
62866
62867
62868
62869
62874
62877
62878
62880
62881
62882
62884
62885
62886
62897
62904
62907
62910
62915
62917
62922
62929
62936
62937
62939
62942
62943
62949
62953
62954
62957
62958
62959
62960
62961
62964
62965
62968
62969
62971
62972
62974
62975
62976
62977
62983
63001
63007
63008
63015
63017
63021
63022
63024
63025
63026
63031
63033
63041
63043
63048
63049
63050
63064
63065
63068
63069
63070
63071
63072
63073
63078
63079
63082
63085
63088
63097
63098
63099
63100
63104
63107
63108
63110
63112
63113
63118
63125
63127
63128
63134
63135
63138
63147
63149
63152
63157
63159
63160
63165
63169
63170
63171
63174
63182
63186
63199
63201
63204
63206
63210
63217
63219
63220
63221
63222
63223
63230
63231
63237
63240
63245
63251
63252
63253
63256
63268
63275
63276
63277
63283
63295
63306
63310
63314
63317
63318
63319
63323
63324
63325
63326
63327
63328
63337
63338
63347
63353
63354
63360
63361
63362
63369
63371
63372
63373
63375
63377
63380
63382
63385
63386
63391
63392
63398
63399
63401
63403
63405
63406
63408
63411
63417
63418
63419
63421
63423
63425
63432
63436
63443
63445
63451
63453
63455
63456
63457
63458
63464
63465
63467
63469
63471
63472
63473
63475
63477
63478
63479
63485
63490
63503
63504
63508
63509
63514
63515
63516
63517
63518
63523
63527
63528
63530
63531
63543
63544
63547
63548
63549
63550
63555
63557
63559
63560
63561
63562
63565
63566
63569
63570
63572
63573
63575
63576
63577
63579
63580
63590
63591
63597
63599
63600
63603
63604
63606
63608
63610
63611
63614
63620
63621
63630
63631
63633
63634
63637
63640
63642
63644
63645
63649
63655
63656
63663
63664
63666
63668
63671
63681
63684
63686
63687
63689
63691
63695
63696
63698
63702
63703
63706
63713
63718
63723
63725
63728
63730
63731
63732
63740
63741
63744
63745
63757
63758
63764
63767
63779
63782
63783
63784
63788
63789
63790
63793
63795
63800
63804
63806
63810
63811
63815
63822
63824
63825
63828
63832
63834
63836
63838
63839
63852
63861
63871
63875
63882
63883
63884
63886
63887
63889
63891
63892
63893
63894
63901
63907
63908
63915
63919
63924
63926
63950
63951
63953
63954
63955
63963
63965
63967
63969
63982
63985
63991
63993
63994
63996
63997
64005
64006
64008
64015
64016
64021
64024
64027
64029
64032
64034
64037
64038
64044
64045
64046
64047
64051
64052
64065
64067
64070
64075
64077
64086
64091
64166
64189
64196
64212
64216
64285
64286
64287
64288
64327
64329
64336
64367
64368
64371
64388
64411
64413
64473
64479
64498
64499
64500
64501
64507
64509
64513
64514
64518
64520
64523
64524
64529
64532
64534
64539
64543
64549
64552
64559
64560
64561
64564
64565
64568
64570
64571
64573
64574
64575
64582
64583
64585
64591
64596
64600
64602
64603
64606
64611
64612
64616
64621
64623
64624
64631
64637
64638
64639
64645
64651
64653
64657
64658
64665
64672
64674
64679
64684
64686
64687
64688
64689
64690
64694
64698
64699
64700
64702
64706
64708
64710
64711
64712
64713
64714
64716
64717
64720
64724
64735
64743
64748
64751
64753
64755
64761
64774
64775
64776
64777
64778
64781
64783
64787
64791
64792
64795
64796
64798
64799
64800
64801
64804
64806
64808
64810
64814
64815
64817
64819
64820
64821
64826
64828
64831
64833
64836
64859
64871
64873
64878
64901
64910
64912
64916
64918
64920
64921
64923
64925
64930
64933
64934
64935
64937
64943
64952
64961
64963
64974
64984
64991
64996
64999
65000
65013
65015
65016
65018
65021
65025
65034
65037
65038
65040
65041
65044
65049
65050
65052
65060
65061
65067
65077
65082
65084
65085
65086
65088
65091
65092
65097
65099
65100
65103
65105
65108
65112
65117
65119
65120
65123
65127
65128
65129
65137
65141
65142
65143
65146
65147
65160
65161
65162
65163
65164
65168
65169
65170
65171
65172
65173
65175
65176
65178
65179
65184
65185
65190
65192
65197
65198
65201
65206
65208
65214
65215
65216
65218
65219
65220
65222
65223
65224
65226
65229
65237
65238
65244
65245
65246
65247
65261
65267
65289
65293
65298
65299
65301
65303
65304
65310
65313
65314
65322
65324
65328
65330
65334
65336
65339
65343
65349
65357
65359
65372
65384
65386
65391
65392
65393
65398
65400
65401
65402
65403
65408
65409
65411
65413
65423
65426
65427
65432
65433
65434
65438
65440
65442
65445
65446
65447
65448
65449
65450
65452
65453
65455
65458
65467
65469
65470
65471
65474
65476
65478
65483
65493
65494
65495
65499
65501
65502
65503
65504
65506
65507
65508
65509
65510
65515
65516
65518
65519
65520
65530
65538
65539
65540
65543
65544
65549
65553
65554
65555
65560
65565
65566
65567
65570
65571
65572
65573
65591
65592
65595
65597
65600
65606
65607
65609
65611
65613
65616
65622
65624
65625
65628
65630
65631
65635
65636
65637
65638
65640
65641
65643
65644
65646
65648
65649
65656
65660
65661
65663
65664
65669
65672
65676
65678
65683
65685
65686
65687
65694
65696
65697
65698
65700
65702
65703
65707
65708
65710
65711
65713
65714
65715
65716
65720
65723
65728
65737
65747
65752
65753
65766
65767
65769
65770
65781
65787
65801
65810
65811
65822
65824
65826
65829
65831
65839
65840
65845
65846
65848
65852
65853
65874
65876
65887
65889
65890
65891
65896
65901
65902
65903
65905
65908
65909
65911
65925
65926
65927
65931
65932
65937
65941
65942
65949
65956
65960
65961
65962
65963
65964
65965
65966
65968
65970
65977
65979
65980
65981
65984
65991
65996
65997
65999
66000
66001
66005
66009
66012
66015
66017
66018
66019
66026
66027
66030
66031
66032
66033
66034
66036
66039
66044
66045
66051
66053
66055
66057
66065
66066
66071
66072
66073
66080
66081
66085
66089
66093
66104
66105
66112
66113
66114
66115
66117
66118
66122
66123
66125
66126
66127
66128
66130
66134
66135
66146
66148
66151
66152
66153
66155
66157
66158
66159
66165
66169
66177
66182
66186
66197
66203
66207
66208
66211
66212
66213
66215
66226
66227
66229
66234
66239
66240
66241
66242
66246
66247
66250
66252
66253
66254
66257
66258
66261
66264
66266
66267
66268
66274
66278
66279
66291
66292
66293
66294
66296
66297
66311
66314
66321
66324
66325
66327
66334
66340
66341
66342
66346
66351
66352
66358
66360
66362
66363
66364
66369
66371
66372
66373
66390
66391
66398
66401
66402
66403
66409
66410
66418
66419
66420
66421
66427
66431
66433
66439
66447
66451
66462
66467
66470
66471
66474
66476
66477
66480
66481
66482
66484
66486
66487
66488
66493
66494
66498
66502
66510
66512
66514
66523
66526
66528
66533
66534
66535
66537
66538
66540
66542
66544
66552
66554
66562
66569
66579
66581
66584
66585
66589
66591
66593
66597
66599
66609
66611
66614
66615
66619
66620
66623
66625
66626
66628
66630
66632
66640
66648
66655
66661
66664
66667
66671
66678
66680
66682
66684
66692
66700
66706
66707
66708
66710
66711
66712
66713
66716
66717
66718
66720
66724
66727
66730
66734
66736
66737
66739
66744
66747
66749
66755
66762
66763
66770
66771
66773
66774
66775
66784
66793
66797
66798
66804
66805
66818
66823
66849
66852
66854
66859
66862
66866
66867
66868
66869
66876
66877
66880
66881
66887
66892
66900
66901
66904
66915
66918
66919
66920
66922
66933
66940
66942
66943
66945
66949
66950
66953
66959
66961
66963
66965
66966
66981
66982
66984
66988
66992
66993
66998
67004
67005
67013
67015
67019
67026
67027
67029
67040
67044
67048
67049
67050
67056
67057
67059
67063
67065
67067
67068
67069
67071
67079
67087
67098
67103
67107
67109
67110
67112
67113
67115
67120
67123
67124
67127
67134
67137
67138
67140
67147
67150
67151
67159
67163
67166
67179
67184
67186
67189
67192
67195
67200
67214
67215
67219
67222
67224
67231
67233
67237
67258
67259
67260
67263
67264
67265
67266
67267
67268
67270
67271
67273
67279
67290
67299
67300
67303
67305
67308
67311
67312
67314
67315
67321
67324
67340
67341
67344
67351
67355
67356
67373
67376
67378
67379
67384
67386
67390
67398
67399
67400
67403
67415
67418
67425
67429
67442
67443
67444
67445
67454
67457
67461
67470
67472
67473
67476
67477
67478
67479
67494
67497
67498
67509
67510
67516
67525
67529
67532
67533
67535
67539
67542
67552
67556
67562
67568
67572
67578
67581
67582
67584
67587
67589
67590
67599
67601
67608
67609
67610
67618
67620
67621
67630
67636
67637
67640
67641
67643
67652
67655
67657
67661
67677
67680
67691
67696
67700
67701
67705
67710
67712
67715
67720
67731
67732
67744
67747
67748
67753
67754
67759
67767
67768
67803
67819
67837
67841
67843
67846
67849
67857
67862
67866
67867
67868
67870
67871
67876
67886
67888
67892
67893
67895
67898
67899
67900
67908
67911
67916
67917
67920
67923
67924
67927
67932
67933
67935
67947
67950
67952
67953
67955
67959
67973
67975
67976
67977
67978
67984
67987
67989
68006
68009
68010
68011
68012
68014
68017
68030
68044
68046
68047
68052
68057
68069
68072
68076
68081
68093
68098
68101
68103
68105
68115
68116
68117
68120
68121
68124
68130
68133
68143
68144
68146
68148
68150
68153
68154
68166
68168
68170
68171
68173
68184
68185
68191
68193
68194
68197
68199
68200
68201
68207
68209
68213
68214
68219
68222
68224
68232
68238
68251
68252
68254
68261
68264
68272
68277
68278
68279
68280
68281
68282
68283
68285
68286
68287
68288
68289
68292
68293
68294
68295
68296
68299
68304
68309
68310
68311
68315
68316
68318
68322
68324
68326
68330
68331
68333
68334
68335
68343
68345
68353
68357
68361
68362
68363
68366
68368
68371
68376
68378
68389
68392
68395
68404
68406
68407
68411
68414
68418
68426
68428
68429
68437
68439
68452
68454
68461
68462
68464
68473
68477
68478
68481
68484
68485
68490
68492
68493
68494
68496
68498
68502
68503
68506
68512
68514
68525
68526
68535
68539
68540
68542
68545
68554
68556
68557
68558
68559
68560
68561
68567
68572
68577
68578
68579
68583
68588
68592
68597
68607
68610
68613
68615
68619
68620
68633
68639
68641
68643
68648
68653
68654
68655
68656
68663
68670
68672
68677
68679
68686
68692
68696
68697
68703
68704
68707
68709
68710
68711
68712
68717
68726
68727
68728
68730
68732
68734
68735
68739
68740
68743
68744
68745
68746
68747
68748
68749
68754
68760
68762
68765
68767
68769
68771
68773
68774
68776
68777
68779
68785
68787
68791
68797
68799
68800
68804
68806
68809
68815
68819
68822
68823
68829
68830
68832
68834
68837
68839
68840
68843
68846
68848
68850
68852
68853
68860
68861
68862
68863
68864
68867
68870
68872
68873
68874
68880
68881
68882
68884
68885
68901
68915
68920
68929
68940
68950
68960
68966
68974
68975
68977
68978
68979
68980
68982
68990
68991
68993
69003
69004
69021
69025
69026
69027
69030
69034
69035
69041
69045
69054
69055
69057
69063
69065
69068
69069
69079
69084
69086
69087
69088
69089
69093
69096
69103
69106
69121
69123
69124
69128
69130
69132
69135
69136
69144
69151
69152
69154
69156
69160
69163
69170
69171
69174
69175
69177
69179
69181
69183
69187
69188
69195
69201
69214
69218
69225
69236
69237
69240
69242
69244
69245
69246
69260
69267
69269
69270
69272
69275
69281
69283
69284
69290
69300
69303
69312
69313
69315
69317
69320
69321
69324
69325
69333
69337
69339
69342
69344
69347
69352
69361
69362
69365
69374
69377
69382
69383
69386
69394
69395
69398
69399
69402
69403
69407
69408
69414
69417
69418
69420
69421
69422
69424
69425
69427
69429
69430
69431
69435
69436
69437
69438
69439
69440
69441
69443
69445
69448
69450
69451
69452
69455
69456
69458
69459
69460
69461
69464
69466
69468
69469
69470
69471
69472
69473
69474
69475
69476
69477
69478
69480
69481
69482
69483
69484
69485
69487
69488
69490
69499
69551
69552
69554
69562
69566
69568
69569
69571
69573
69575
69581
69585
69589
69594
69599
69602
69606
69607
69609
69613
69614
69615
69619
69621
69622
69626
69629
69630
69634
69639
69658
69669
69673
69678
69679
69680
69682
69684
69694
69697
69698
69701
69707
69709
69710
69711
69726
69727
69737
69738
69740
69742
69743
69744
69745
69746
69747
69749
69750
69751
69752
69753
69754
69761
69763
69767
69772
69773
69774
69776
69778
69780
69781
69782
69791
69795
69812
69815
69816
69817
69822
69823
69831
69833
69834
69835
69837
69843
69845
69847
69853
69855
69858
69865
69892
69894
69897
69919
69937
69938
69942
69947
69948
69950
69959
69960
69962
69967
69968
69971
69978
69980
69982
69983
69986
69998
